16,13
16,12
15,639
15,638
15,637
15,636
15,635
15,634
15,633
15,632
15,631
15,630
15,629
15,628
15,627
15,626
15,625
15,624
15,623
15,622
15,621
15,620
15,619
15,618
15,617
15,616
15,615
15,614
15,613
15,612
15,611
15,610
15,609
15,608
15,607
15,606
15,605
15,604
15,603
15,602
15,601
15,600
15,599
15,598
15,597
15,596
15,595
15,594
15,593
15,592
15,591
15,590
15,589
15,588
15,587
15,586
15,585
15,584
15,583
15,582
15,581
15,580
15,579
15,578
15,577
15,576
15,575
15,574
15,573
15,572
15,571
15,570
15,569
15,568
15,567
15,566
15,565
15,564
15,563
15,562
15,561
15,560
15,559
15,558
15,557
15,556
15,555
15,554
15,553
15,552
15,551
15,550
15,549
15,548
15,547
15,546
15,545
15,544
15,543
15,542
15,541
15,540
15,539
15,538
15,537
15,536
15,535
15,534
15,533
15,532
15,531
15,530
15,529
15,528
15,527
15,526
15,525
15,524
15,523
15,522
15,521
15,520
15,519
15,518
15,517
15,516
15,515
15,514
15,513
15,512
15,511
15,510
15,509
15,508
15,507
15,506
15,505
15,504
15,503
15,502
15,501
15,500
15,499
15,498
15,497
15,496
15,495
15,494
15,493
15,492
15,491
15,490
15,489
15,488
15,487
15,486
15,485
15,484
15,483
15,482
15,481
15,480
15,479
15,478
15,477
15,476
15,475
15,474
15,473
15,472
15,471
15,470
15,469
15,468
15,467
15,466
15,465
15,464
15,463
15,462
15,461
15,460
15,459
15,458
15,457
15,456
15,455
15,454
15,453
15,452
15,451
15,450
15,449
15,448
15,447
15,446
15,445
15,444
15,443
15,442
15,441
15,440
15,439
15,438
15,437
15,436
15,435
15,434
15,433
15,432
15,431
15,430
15,429
15,428
15,427
15,426
15,425
15,424
15,423
15,422
15,421
15,420
15,419
15,418
15,417
15,416
15,415
15,414
15,413
15,412
15,411
15,410
15,409
15,408
15,407
15,406
15,405
15,404
15,403
15,402
15,401
15,400
15,399
15,398
15,397
15,396
15,395
15,394
15,393
15,392
15,391
15,390
15,389
15,388
15,387
15,386
15,385
15,384
16,11
14,383
14,609
14,608
14,607
14,606
14,605
14,604
14,603
14,602
14,601
14,600
14,599
14,598
14,597
14,596
14,595
14,594
14,593
14,592
14,591
14,590
14,589
14,588
14,587
14,586
14,585
14,584
14,583
14,582
15,383
15,382
15,381
15,380
15,379
15,378
15,377
15,376
15,375
15,374
15,373
15,372
15,371
15,370
15,369
15,368
15,367
15,366
15,365
15,364
15,363
15,362
15,361
15,360
15,359
15,358
15,357
15,356
15,355
15,354
15,353
15,352
15,351
15,350
15,349
15,348
15,347
15,346
15,345
15,344
15,343
15,342
15,341
15,340
15,339
15,338
15,337
15,336
15,335
15,334
15,333
15,332
15,331
15,330
15,329
15,328
15,327
15,326
15,325
15,324
15,323
15,322
15,321
15,320
15,319
15,318
15,317
15,316
15,315
15,314
15,313
15,312
15,311
15,310
15,309
15,308
15,307
15,306
15,305
15,304
15,303
15,302
15,301
15,300
15,299
15,298
15,297
15,296
15,295
15,294
15,293
15,292
15,291
15,290
15,289
15,288
15,287
15,286
15,285
15,284
15,283
15,282
15,281
15,280
15,279
15,278
15,277
15,276
15,275
15,274
15,273
15,272
15,271
15,270
15,269
15,268
15,267
15,266
15,265
15,264
15,263
15,262
15,261
15,260
15,259
15,258
15,257
15,256
15,255
15,254
15,253
15,252
15,251
15,250
15,249
15,248
15,247
15,246
15,245
15,244
15,243
15,242
15,241
15,240
15,239
15,238
15,237
15,236
15,235
15,234
15,233
15,232
15,231
15,230
15,229
15,228
15,227
15,226
15,225
15,224
15,223
15,222
15,221
15,220
15,219
15,218
15,217
15,216
15,215
15,214
15,213
15,212
15,211
15,210
15,209
15,208
15,207
15,206
15,205
15,204
15,203
15,202
15,201
15,200
15,199
15,198
15,197
15,196
15,195
15,194
15,193
15,192
16,10
15,191
15,190
15,189
15,188
15,187
15,186
15,185
15,184
15,183
15,182
15,181
15,180
15,179
15,178
15,177
15,176
15,175
15,174
15,173
14,581
14,580
15,172
15,171
15,170
15,169
15,168
15,167
15,166
15,165
15,164
15,163
15,162
15,161
15,160
15,159
15,158
15,157
15,156
15,155
15,154
15,153
15,152
15,151
15,150
15,149
15,148
15,147
15,146
15,145
15,144
15,143
15,142
15,141
15,140
15,139
15,138
15,137
15,136
14,579
14,578
15,135
15,134
15,133
15,132
15,131
15,130
15,129
15,128
15,127
15,126
15,125
15,124
14,577
14,576
14,512
15,123
15,122
15,121
15,120
15,119
15,118
15,117
15,116
15,115
15,114
15,113
15,112
15,111
15,110
15,109
15,108
15,107
15,106
15,105
15,104
15,103
15,102
15,101
15,5
15,100
15,99
15,98
15,97
15,96
15,95
15,94
15,93
15,92
15,91
15,90
15,89
15,88
15,87
15,86
15,85
15,84
15,83
15,82
15,81
15,80
15,79
15,78
15,77
15,76
15,75
15,74
15,73
15,72
15,71
15,70
15,69
14,453
14,452
14,451
14,450
14,449
14,448
14,447
14,446
14,445
14,444
14,443
14,442
14,441
14,440
14,439
14,438
14,437
14,436
14,435
14,434
14,433
14,432
14,431
14,430
14,429
14,428
14,427
14,426
14,425
14,424
14,423
14,422
14,421
14,420
14,419
0,447
15,30
0,446
0,445
0,444
0,443
14,382
14,418
14,417
14,416
14,415
14,414
14,413
14,412
14,411
14,410
14,409
14,408
14,407
14,406
14,405
14,404
14,403
14,402
14,401
14,400
14,399
14,398
14,397
14,396
14,395
14,394
14,393
14,392
14,391
14,390
14,389
14,388
14,387
14,386
14,385
0,442
14,384
15,68
15,67
15,66
15,65
15,64
15,39
15,38
16,9
16,8
15,37
15,36
15,35
15,34
15,33
15,32
15,31
15,29
15,28
15,27
15,26
15,25
15,24
15,23
15,22
15,21
15,20
15,19
15,18
15,17
15,16
15,15
15,14
15,13
15,12
15,11
15,10
15,9
15,8
15,7
15,6
0,441
0,440
14,381
14,380
14,379
14,378
14,377
14,376
14,375
14,374
14,373
14,372
14,371
14,370
14,369
14,368
14,367
14,366
14,365
14,364
14,363
14,362
14,361
14,360
14,359
14,358
14,357
14,356
14,355
14,354
14,353
14,352
14,351
14,350
14,349
14,348
14,347
14,346
24,3
24,2
24,1
24,0
23,4
23,3
23,2
23,1
23,0
0,439
14,345
14,344
14,343
14,342
14,341
14,340
14,339
14,338
14,337
14,336
14,335
14,334
14,333
14,332
14,331
14,330
14,329
14,328
14,327
14,326
14,325
14,324
14,323
14,322
14,321
14,320
14,319
14,318
14,317
14,316
14,315
14,314
14,313
14,312
14,311
14,310
14,309
14,308
14,307
14,306
14,305
14,304
14,303
14,302
14,301
14,300
14,299
14,298
14,297
14,296
14,295
14,294
14,293
14,292
14,291
0,438
14,290
14,289
14,288
14,287
14,286
14,285
14,284
14,283
14,282
14,281
14,280
14,279
14,278
14,277
14,276
14,275
14,274
14,273
14,272
14,271
14,270
14,269
14,268
14,267
14,266
14,265
14,264
14,263
14,262
14,261
14,260
14,259
14,258
14,257
14,256
14,255
14,254
14,253
14,252
14,251
14,250
14,249
14,248
14,247
14,246
14,245
14,244
14,243
14,242
14,241
14,240
14,239
14,238
14,237
14,236
14,235
14,234
14,233
14,232
14,231
14,230
14,229
14,228
14,227
14,226
14,225
14,224
14,223
14,222
14,221
14,220
14,219
14,218
14,217
14,216
14,215
14,214
14,213
14,212
14,211
14,210
14,209
14,208
14,207
14,206
14,205
14,204
14,203
14,202
14,201
14,200
14,199
14,198
14,197
14,196
14,195
14,194
14,193
14,192
14,191
14,190
14,189
14,188
14,187
14,186
14,185
14,184
14,183
14,182
14,181
14,180
14,179
14,178
14,177
14,176
14,175
14,174
14,173
14,172
14,171
14,170
14,169
14,168
14,167
14,166
14,165
14,164
14,163
14,162
14,161
14,160
14,159
14,158
14,157
14,156
14,155
14,154
14,153
14,152
14,151
14,150
14,149
14,148
14,147
14,146
14,145
14,144
14,143
14,142
14,141
14,140
14,139
14,138
14,137
14,136
14,135
14,134
14,133
14,132
14,131
14,130
14,129
14,128
14,127
14,126
14,125
14,124
14,123
14,122
14,121
14,120
14,119
14,118
14,117
14,116
14,115
14,114
14,113
14,112
14,111
14,110
14,109
14,108
14,107
14,106
14,105
14,104
14,103
14,102
14,101
14,100
14,99
14,98
14,97
14,96
14,95
22,5
22,4
22,3
22,2
22,1
22,0
21,11
21,10
21,9
21,8
21,7
21,6
21,5
21,4
21,3
21,2
21,1
21,0
20,5
20,4
20,3
20,2
20,1
20,0
2,6
19,4
19,3
19,2
19,1
19,0
18,4
18,3
18,2
18,1
18,0
17,10
17,9
17,8
17,7
17,6
17,5
17,4
17,3
17,2
17,1
17,0
14,94
14,93
14,92
14,91
14,90
14,89
14,88
14,87
14,86
14,85
14,84
14,83
14,82
14,81
14,80
14,79
14,78
14,77
14,76
14,75
14,74
14,73
14,72
14,71
14,70
14,69
14,68
14,67
14,66
14,65
14,64
14,37
14,36
14,35
14,34
14,33
14,32
14,31
14,30
14,29
14,28
14,27
14,26
14,25
14,24
14,23
14,22
14,21
14,20
14,19
14,18
14,17
14,16
14,15
14,14
14,13
0,437
14,12
14,11
14,10
14,9
14,8
14,7
14,6
0,436
0,435
0,434
0,433
0,432
0,431
0,430
0,429
0,428
0,427
0,426
0,425
0,424
0,423
0,422
0,421
0,420
0,419
0,418
0,417
0,416
0,415
0,414
0,413
0,412
0,411
0,410
0,409
0,408
0,407
0,406
0,405
0,404
0,403
0,402
0,401
0,400
0,399
0,398
0,397
0,396
0,395
0,394
0,393
0,392
0,391
0,390
0,389
0,388
0,387
0,386
0,385
0,384
0,383
0,382
0,381
0,380
0,379
0,378
0,377
0,376
0,375
0,374
0,373
0,372
0,371
0,370
0,369
0,368
0,367
0,366
0,365
0,364
0,363
0,362
0,361
0,360
0,359
0,358
0,357
0,356
0,355
0,354
0,353
0,352
0,351
0,350
0,349
0,348
0,347
2,5
2,4
0,346
0,345
16,7
16,6
16,5
16,4
16,3
16,2
0,344
16,1
16,0
0,343
0,342
15,4
15,3
15,2
0,341
15,1
15,0
0,340
0,339
14,5
14,4
14,3
14,2
0,338
14,1
14,0
0,337
0,336
13,4
13,3
13,2
0,335
13,1
13,0
0,334
0,333
12,8
12,7
12,6
12,5
12,4
12,3
12,2
0,332
12,1
12,0
0,331
0,330
11,5
11,4
11,3
11,2
0,329
11,1
11,0
0,328
0,327
10,4
10,3
10,2
0,326
10,1
10,0
0,325
0,324
9,5
9,4
9,3
9,2
0,323
0,322
9,1
9,0
0,321
0,320
8,5
8,4
8,3
8,2
0,319
8,1
8,0
0,318
0,317
7,5
7,4
7,3
7,2
7,1
7,0
6,5
6,4
6,3
6,2
6,1
6,0
5,6
5,5
5,4
5,3
5,2
5,1
5,0
4,3
4,2
4,1
4,0
3,6
3,5
3,4
3,3
3,2
3,1
3,0
2,2
1,2
0,243
1,1
1,3
1,0
2,1
2,3
2,0
0,9
0,310
0,305
0,308
0,304
0,303
0,302
0,307
0,12
0,10
0,8
0,0
0,300
0,299
0,298
0,297
0,296
0,295
0,294
0,293
0,292
0,291
0,290
0,289
0,288
0,287
0,286
0,285
0,284
0,283
0,282
0,281
0,280
0,279
0,278
0,277
0,276
0,275
0,274
0,273
0,272
0,271
0,270
0,269
0,268
0,267
0,266
0,265
0,264
0,263
0,262
0,261
0,260
0,259
0,258
0,257
0,256
0,255
0,254
0,253
0,252
0,251
0,250
0,249
0,248
0,247
0,246
0,245
0,244
0,242
0,241
0,240
0,239
0,238
0,237
0,236
0,235
0,234
0,233
0,232
0,231
0,230
0,229
0,228
0,227
0,226
0,225
0,224
0,223
0,222
0,221
0,220
0,219
0,218
0,217
0,216
0,215
0,214
0,213
0,212
0,211
0,210
0,209
0,208
0,207
0,206
0,205
0,204
0,203
0,202
0,201
0,200
0,199
0,198
0,197
0,196
0,195
0,194
0,193
0,192
0,63
0,62
0,61
0,60
0,59
0,58
0,57
0,56
0,55
0,54
0,53
0,316
0,52
0,315
0,51
0,314
0,50
0,313
0,49
0,312
0,48
0,311
0,47
0,309
0,46
0,306
0,45
0,301
0,6
0,5
0,1
0,11
0,4
0,2
0,3
0,7
